This is an xLogicCircuits data file.
DO NOT EDIT THIS FILE!
File format version 1.0
1 
=eight-bit ripple carry adder
40960 40960 8486912 4571136 
40960 40960 8486912 4571136 
8 31 16 8
<1 1558 -1 1 28 
<1 1890 -1 1 26 
<1 2182 -1 1 24 
<1 2570 -1 1 22 
<1 2965 -1 1 9 
<1 3479 -1 1 6 
<1 3693 -1 1 2 
<1 1249 -1 1 30 
<1 4531 -1 1 29 
<1 4887 -1 1 27 
<1 5195 -1 1 25 
<1 5598 -1 1 23 
<1 5978 -1 1 21 
<1 6310 -1 1 8 
<1 6642 -1 1 5 
<1 7022 -1 1 1 
>3 2135 15 0 
>3 2681 14 0 
>3 3258 13 0 
>3 3732 12 0 
>3 4136 11 0 
>3 4563 10 0 
>3 4958 3 0 
>3 5448 0 0 
*full adder
6537216 1925120 442368 442368 
40960 40960 8486912 4571136 
3 8 3 2
<1 2538 -1 1 3 
<1 3392 2 1 0 
<1 4215 1 1 1 
>3 2665 7 1 4 
>3 4112 6 1 0 
*half adder
4136960 1269760 442368 442368 
40960 40960 8486912 4571136 
2 6 2 2
<1 2855 0 2 0 3 
<1 4120 1 2 1 2 
>3 2807 5 1 4 
>3 4143 4 1 2 
A3 2670592 1589248 286720 327680 3 2 1 5 
*XOR
4030464 1531904 442368 442368 
40960 40960 8486912 4571136 
4 8 2 1
<1 2823 0 2 0 2 
<1 4389 1 2 1 3 
>3 3519 7 1 4 
A3 2826240 1220608 286720 327680 0 1 1 4 
R3 4325376 1228800 286720 327680 2 3 1 6 
N3 2908160 2367488 204800 286720 4 1 5 
A3 3612672 3088384 286720 327680 5 6 1 7 
*half adder
3923968 2654208 442368 442368 
40960 40960 8486912 4571136 
2 6 2 2
<1 2855 3 2 0 3 
<1 4120 2 2 1 2 
>3 2807 5 1 5 
>3 4143 4 1 6 
A3 2670592 1589248 286720 327680 3 2 1 5 
*XOR
4030464 1531904 442368 442368 
40960 40960 8486912 4571136 
4 8 2 1
<1 2823 0 2 0 2 
<1 4389 1 2 1 3 
>3 3519 7 1 4 
A3 2826240 1220608 286720 327680 0 1 1 4 
R3 4325376 1228800 286720 327680 2 3 1 6 
N3 2908160 2367488 204800 286720 4 1 5 
A3 3612672 3088384 286720 327680 5 6 1 7 
R3 2621440 3186688 286720 327680 4 5 1 7 
*full adder
5537792 1925120 442368 442368 
40960 40960 8486912 4571136 
3 8 3 2
<1 2538 4 1 3 
<1 3392 6 1 0 
<1 4215 5 1 1 
>3 2665 7 1 7 
>3 4112 6 1 3 
*half adder
4136960 1269760 442368 442368 
40960 40960 8486912 4571136 
2 6 2 2
<1 2855 0 2 0 3 
<1 4120 1 2 1 2 
>3 2807 5 1 4 
>3 4143 4 1 2 
A3 2670592 1589248 286720 327680 3 2 1 5 
*XOR
4030464 1531904 442368 442368 
40960 40960 8486912 4571136 
4 8 2 1
<1 2823 0 2 0 2 
<1 4389 1 2 1 3 
>3 3519 7 1 4 
A3 2826240 1220608 286720 327680 0 1 1 4 
R3 4325376 1228800 286720 327680 2 3 1 6 
N3 2908160 2367488 204800 286720 4 1 5 
A3 3612672 3088384 286720 327680 5 6 1 7 
*half adder
3923968 2654208 442368 442368 
40960 40960 8486912 4571136 
2 6 2 2
<1 2855 3 2 0 3 
<1 4120 2 2 1 2 
>3 2807 5 1 5 
>3 4143 4 1 6 
A3 2670592 1589248 286720 327680 3 2 1 5 
*XOR
4030464 1531904 442368 442368 
40960 40960 8486912 4571136 
4 8 2 1
<1 2823 0 2 0 2 
<1 4389 1 2 1 3 
>3 3519 7 1 4 
A3 2826240 1220608 286720 327680 0 1 1 4 
R3 4325376 1228800 286720 327680 2 3 1 6 
N3 2908160 2367488 204800 286720 4 1 5 
A3 3612672 3088384 286720 327680 5 6 1 7 
R3 2621440 3186688 286720 327680 4 5 1 7 
*full adder
4579328 1941504 442368 442368 
40960 40960 8486912 4571136 
3 8 3 2
<1 2538 7 1 3 
<1 3392 9 1 0 
<1 4215 8 1 1 
>3 2665 7 1 16 
>3 4112 6 1 10 
*half adder
4136960 1269760 442368 442368 
40960 40960 8486912 4571136 
2 6 2 2
<1 2855 0 2 0 3 
<1 4120 1 2 1 2 
>3 2807 5 1 4 
>3 4143 4 1 2 
A3 2670592 1589248 286720 327680 3 2 1 5 
*XOR
4030464 1531904 442368 442368 
40960 40960 8486912 4571136 
4 8 2 1
<1 2823 0 2 0 2 
<1 4389 1 2 1 3 
>3 3519 7 1 4 
A3 2826240 1220608 286720 327680 0 1 1 4 
R3 4325376 1228800 286720 327680 2 3 1 6 
N3 2908160 2367488 204800 286720 4 1 5 
A3 3612672 3088384 286720 327680 5 6 1 7 
*half adder
3923968 2654208 442368 442368 
40960 40960 8486912 4571136 
2 6 2 2
<1 2855 3 2 0 3 
<1 4120 2 2 1 2 
>3 2807 5 1 5 
>3 4143 4 1 6 
A3 2670592 1589248 286720 327680 3 2 1 5 
*XOR
4030464 1531904 442368 442368 
40960 40960 8486912 4571136 
4 8 2 1
<1 2823 0 2 0 2 
<1 4389 1 2 1 3 
>3 3519 7 1 4 
A3 2826240 1220608 286720 327680 0 1 1 4 
R3 4325376 1228800 286720 327680 2 3 1 6 
N3 2908160 2367488 204800 286720 4 1 5 
A3 3612672 3088384 286720 327680 5 6 1 7 
R3 2621440 3186688 286720 327680 4 5 1 7 
*full adder
3612672 1916928 442368 442368 
40960 40960 8486912 4571136 
3 8 3 2
<1 2538 16 1 3 
<1 3392 22 1 0 
<1 4215 21 1 1 
>3 2665 7 1 17 
>3 4112 6 1 11 
*half adder
4136960 1269760 442368 442368 
40960 40960 8486912 4571136 
2 6 2 2
<1 2855 0 2 0 3 
<1 4120 1 2 1 2 
>3 2807 5 1 4 
>3 4143 4 1 2 
A3 2670592 1589248 286720 327680 3 2 1 5 
*XOR
4030464 1531904 442368 442368 
40960 40960 8486912 4571136 
4 8 2 1
<1 2823 0 2 0 2 
<1 4389 1 2 1 3 
>3 3519 7 1 4 
A3 2826240 1220608 286720 327680 0 1 1 4 
R3 4325376 1228800 286720 327680 2 3 1 6 
N3 2908160 2367488 204800 286720 4 1 5 
A3 3612672 3088384 286720 327680 5 6 1 7 
*half adder
3923968 2654208 442368 442368 
40960 40960 8486912 4571136 
2 6 2 2
<1 2855 3 2 0 3 
<1 4120 2 2 1 2 
>3 2807 5 1 5 
>3 4143 4 1 6 
A3 2670592 1589248 286720 327680 3 2 1 5 
*XOR
4030464 1531904 442368 442368 
40960 40960 8486912 4571136 
4 8 2 1
<1 2823 0 2 0 2 
<1 4389 1 2 1 3 
>3 3519 7 1 4 
A3 2826240 1220608 286720 327680 0 1 1 4 
R3 4325376 1228800 286720 327680 2 3 1 6 
N3 2908160 2367488 204800 286720 4 1 5 
A3 3612672 3088384 286720 327680 5 6 1 7 
R3 2621440 3186688 286720 327680 4 5 1 7 
*full adder
2768896 1941504 442368 442368 
40960 40960 8486912 4571136 
3 8 3 2
<1 2538 17 1 3 
<1 3392 24 1 0 
<1 4215 23 1 1 
>3 2665 7 1 18 
>3 4112 6 1 12 
*half adder
4136960 1269760 442368 442368 
40960 40960 8486912 4571136 
2 6 2 2
<1 2855 0 2 0 3 
<1 4120 1 2 1 2 
>3 2807 5 1 4 
>3 4143 4 1 2 
A3 2670592 1589248 286720 327680 3 2 1 5 
*XOR
4030464 1531904 442368 442368 
40960 40960 8486912 4571136 
4 8 2 1
<1 2823 0 2 0 2 
<1 4389 1 2 1 3 
>3 3519 7 1 4 
A3 2826240 1220608 286720 327680 0 1 1 4 
R3 4325376 1228800 286720 327680 2 3 1 6 
N3 2908160 2367488 204800 286720 4 1 5 
A3 3612672 3088384 286720 327680 5 6 1 7 
*half adder
3923968 2654208 442368 442368 
40960 40960 8486912 4571136 
2 6 2 2
<1 2855 3 2 0 3 
<1 4120 2 2 1 2 
>3 2807 5 1 5 
>3 4143 4 1 6 
A3 2670592 1589248 286720 327680 3 2 1 5 
*XOR
4030464 1531904 442368 442368 
40960 40960 8486912 4571136 
4 8 2 1
<1 2823 0 2 0 2 
<1 4389 1 2 1 3 
>3 3519 7 1 4 
A3 2826240 1220608 286720 327680 0 1 1 4 
R3 4325376 1228800 286720 327680 2 3 1 6 
N3 2908160 2367488 204800 286720 4 1 5 
A3 3612672 3088384 286720 327680 5 6 1 7 
R3 2621440 3186688 286720 327680 4 5 1 7 
*full adder
1957888 1974272 442368 442368 
40960 40960 8486912 4571136 
3 8 3 2
<1 2538 18 1 3 
<1 3392 26 1 0 
<1 4215 25 1 1 
>3 2665 7 1 19 
>3 4112 6 1 13 
*half adder
4136960 1269760 442368 442368 
40960 40960 8486912 4571136 
2 6 2 2
<1 2855 0 2 0 3 
<1 4120 1 2 1 2 
>3 2807 5 1 4 
>3 4143 4 1 2 
A3 2670592 1589248 286720 327680 3 2 1 5 
*XOR
4030464 1531904 442368 442368 
40960 40960 8486912 4571136 
4 8 2 1
<1 2823 0 2 0 2 
<1 4389 1 2 1 3 
>3 3519 7 1 4 
A3 2826240 1220608 286720 327680 0 1 1 4 
R3 4325376 1228800 286720 327680 2 3 1 6 
N3 2908160 2367488 204800 286720 4 1 5 
A3 3612672 3088384 286720 327680 5 6 1 7 
*half adder
3923968 2654208 442368 442368 
40960 40960 8486912 4571136 
2 6 2 2
<1 2855 3 2 0 3 
<1 4120 2 2 1 2 
>3 2807 5 1 5 
>3 4143 4 1 6 
A3 2670592 1589248 286720 327680 3 2 1 5 
*XOR
4030464 1531904 442368 442368 
40960 40960 8486912 4571136 
4 8 2 1
<1 2823 0 2 0 2 
<1 4389 1 2 1 3 
>3 3519 7 1 4 
A3 2826240 1220608 286720 327680 0 1 1 4 
R3 4325376 1228800 286720 327680 2 3 1 6 
N3 2908160 2367488 204800 286720 4 1 5 
A3 3612672 3088384 286720 327680 5 6 1 7 
R3 2621440 3186688 286720 327680 4 5 1 7 
*full adder
1163264 1998848 442368 442368 
40960 40960 8486912 4571136 
3 8 3 2
<1 2538 19 1 3 
<1 3392 28 1 0 
<1 4215 27 1 1 
>3 2665 7 1 20 
>3 4112 6 1 14 
*half adder
4136960 1269760 442368 442368 
40960 40960 8486912 4571136 
2 6 2 2
<1 2855 0 2 0 3 
<1 4120 1 2 1 2 
>3 2807 5 1 4 
>3 4143 4 1 2 
A3 2670592 1589248 286720 327680 3 2 1 5 
*XOR
4030464 1531904 442368 442368 
40960 40960 8486912 4571136 
4 8 2 1
<1 2823 0 2 0 2 
<1 4389 1 2 1 3 
>3 3519 7 1 4 
A3 2826240 1220608 286720 327680 0 1 1 4 
R3 4325376 1228800 286720 327680 2 3 1 6 
N3 2908160 2367488 204800 286720 4 1 5 
A3 3612672 3088384 286720 327680 5 6 1 7 
*half adder
3923968 2654208 442368 442368 
40960 40960 8486912 4571136 
2 6 2 2
<1 2855 3 2 0 3 
<1 4120 2 2 1 2 
>3 2807 5 1 5 
>3 4143 4 1 6 
A3 2670592 1589248 286720 327680 3 2 1 5 
*XOR
4030464 1531904 442368 442368 
40960 40960 8486912 4571136 
4 8 2 1
<1 2823 0 2 0 2 
<1 4389 1 2 1 3 
>3 3519 7 1 4 
A3 2826240 1220608 286720 327680 0 1 1 4 
R3 4325376 1228800 286720 327680 2 3 1 6 
N3 2908160 2367488 204800 286720 4 1 5 
A3 3612672 3088384 286720 327680 5 6 1 7 
R3 2621440 3186688 286720 327680 4 5 1 7 
*full adder
507904 1998848 442368 442368 
40960 40960 8486912 4571136 
3 8 3 2
<1 2538 20 1 3 
<1 3392 30 1 0 
<1 4215 29 1 1 
>3 2665 7 0 
>3 4112 6 1 15 
*half adder
4136960 1269760 442368 442368 
40960 40960 8486912 4571136 
2 6 2 2
<1 2855 0 2 0 3 
<1 4120 1 2 1 2 
>3 2807 5 1 4 
>3 4143 4 1 2 
A3 2670592 1589248 286720 327680 3 2 1 5 
*XOR
4030464 1531904 442368 442368 
40960 40960 8486912 4571136 
4 8 2 1
<1 2823 0 2 0 2 
<1 4389 1 2 1 3 
>3 3519 7 1 4 
A3 2826240 1220608 286720 327680 0 1 1 4 
R3 4325376 1228800 286720 327680 2 3 1 6 
N3 2908160 2367488 204800 286720 4 1 5 
A3 3612672 3088384 286720 327680 5 6 1 7 
*half adder
3923968 2654208 442368 442368 
40960 40960 8486912 4571136 
2 6 2 2
<1 2855 3 2 0 3 
<1 4120 2 2 1 2 
>3 2807 5 1 5 
>3 4143 4 1 6 
A3 2670592 1589248 286720 327680 3 2 1 5 
*XOR
4030464 1531904 442368 442368 
40960 40960 8486912 4571136 
4 8 2 1
<1 2823 0 2 0 2 
<1 4389 1 2 1 3 
>3 3519 7 1 4 
A3 2826240 1220608 286720 327680 0 1 1 4 
R3 4325376 1228800 286720 327680 2 3 1 6 
N3 2908160 2367488 204800 286720 4 1 5 
A3 3612672 3088384 286720 327680 5 6 1 7 
R3 2621440 3186688 286720 327680 4 5 1 7 
3 
XOR
81920 2506752 442368 442368 
40960 40960 8486912 4571136 
4 8 2 1
<1 2823 -1 2 0 2 
<1 4389 -1 2 1 3 
>3 3519 7 0 
A3 2826240 1220608 286720 327680 0 1 1 4 
R3 4325376 1228800 286720 327680 2 3 1 6 
N3 2908160 2367488 204800 286720 4 1 5 
A3 3612672 3088384 286720 327680 5 6 1 7 
half adder
81920 3112960 442368 442368 
40960 40960 8486912 4571136 
2 6 2 2
<1 2855 -1 2 0 3 
<1 4120 -1 2 1 2 
>3 2807 5 0 
>3 4143 4 0 
A3 2670592 1589248 286720 327680 3 2 1 5 
*XOR
4030464 1531904 442368 442368 
40960 40960 8486912 4571136 
4 8 2 1
<1 2823 0 2 0 2 
<1 4389 1 2 1 3 
>3 3519 7 1 4 
A3 2826240 1220608 286720 327680 0 1 1 4 
R3 4325376 1228800 286720 327680 2 3 1 6 
N3 2908160 2367488 204800 286720 4 1 5 
A3 3612672 3088384 286720 327680 5 6 1 7 
full adder
81920 3719168 442368 442368 
40960 40960 8486912 4571136 
3 8 3 2
<1 2538 -1 1 3 
<1 3392 -1 1 0 
<1 4215 -1 1 1 
>3 2665 7 0 
>3 4112 6 0 
*half adder
4136960 1269760 442368 442368 
40960 40960 8486912 4571136 
2 6 2 2
<1 2855 0 2 0 3 
<1 4120 1 2 1 2 
>3 2807 5 1 4 
>3 4143 4 1 2 
A3 2670592 1589248 286720 327680 3 2 1 5 
*XOR
4030464 1531904 442368 442368 
40960 40960 8486912 4571136 
4 8 2 1
<1 2823 0 2 0 2 
<1 4389 1 2 1 3 
>3 3519 7 1 4 
A3 2826240 1220608 286720 327680 0 1 1 4 
R3 4325376 1228800 286720 327680 2 3 1 6 
N3 2908160 2367488 204800 286720 4 1 5 
A3 3612672 3088384 286720 327680 5 6 1 7 
*half adder
3923968 2654208 442368 442368 
40960 40960 8486912 4571136 
2 6 2 2
<1 2855 3 2 0 3 
<1 4120 2 2 1 2 
>3 2807 5 1 5 
>3 4143 4 1 6 
A3 2670592 1589248 286720 327680 3 2 1 5 
*XOR
4030464 1531904 442368 442368 
40960 40960 8486912 4571136 
4 8 2 1
<1 2823 0 2 0 2 
<1 4389 1 2 1 3 
>3 3519 7 1 4 
A3 2826240 1220608 286720 327680 0 1 1 4 
R3 4325376 1228800 286720 327680 2 3 1 6 
N3 2908160 2367488 204800 286720 4 1 5 
A3 3612672 3088384 286720 327680 5 6 1 7 
R3 2621440 3186688 286720 327680 4 5 1 7 
